720,0
719,3
719,2
719,0
718,2
718,1
717,4
717,3
717,1
717,0
716,2
716,0
715,3
715,1
715,0
714,0
713,2
713,1
712,3
712,1
711,2
711,0
710,2
709,4
709,2
708,4
708,3
707,4
707,1
707,0
706,1
706,0
705,1
704,5
704,2
703,3
703,1
702,2
702,0
701,2
700,6
700,4
700,1
700,0
699,1
698,1
698,0
697,1
696,3
695,4
695,3
694,3
694,0
693,3
693,0
692,3
692,0
691,15
691,13
691,10
691,9
691,6
691,4
691,1
690,3
690,1
689,5
689,3
689,0
688,2
688,0
687,1
687,0
686,1
686,0
685,2
684,4
684,2
683,4
683,2
682,7
682,4
682,2
681,4
681,3
681,1
680,4
680,3
680,1
680,0
679,2
679,1
678,4
678,2
678,1
677,6
677,5
677,3
677,1
677,0
676,3
676,2
676,0
675,4
675,2
675,0
674,4
674,2
674,1
673,9
673,7
673,6
673,4
673,3
673,1
673,0
672,3
672,1
672,0
671,5
671,4
671,2
671,0
670,3
670,1
670,0
669,5
669,4
669,3
669,2
7,3
5,91
5,6
5,3
4,6
4,3
0,410
0,349
0,348
0,347
0,346
0,345
0,344
0,343
0,342
0,341
0,340
0,339
0,338
0,337
0,336
0,335
0,334
0,333
0,332
0,331
0,330
0,329
0,328
0,327
0,326
0,325
0,324
0,323
0,322
0,321
0,320
0,319
0,318
0,317
0,316
0,315
0,314
0,313
0,312
0,311
0,310
0,309
0,308
0,307
0,306
0,305
0,304
0,303
0,302
0,301
0,300
0,299
0,298
0,297
0,296
0,295
0,294
0,293
0,292
0,291
0,290
0,289
0,288
0,287
0,286
0,285
0,284
0,283
0,282
0,255
0,254
0,253
0,251
0,250
0,249
0,248
0,247
0,246
0,245
0,244
0,243
0,242
0,241
0,240
0,228
0,204
0,202
0,201
0,200
0,1
720,1
720,3
721,1
721,3
722,1
722,2
723,0
723,2
723,3
724,1
724,2
724,4
724,6
724,7
725,1
725,2
726,0
726,1
726,3
727,0
727,1
727,3
728,0
728,2
728,4
729,0
729,2
729,3
730,0
730,1
730,3
731,0
731,1
731,3
731,4
732,1
732,3
732,4
733,1
733,2
733,4
734,0
734,2
734,4
735,0
735,2
735,3
736,0
736,2
736,3
736,5
736,6
737,1
737,3
737,4
738,0
738,1
738,3
738,4
739,1
739,3
739,4
740,1
740,2
740,4
741,1
741,2
741,4
742,0
742,2
742,3
743,0
743,2
743,3
743,5
743,6
744,0
744,2
744,3
745,0
745,1
745,3
745,4
746,0
746,2
746,3
746,5
747,0
747,2
747,4
747,5
748,1
748,2
748,4
749,0
749,1
749,3
749,4
750,0
750,1
750,3
751,0
751,1
751,3
751,4
752,0
752,2
752,3
752,5
753,0
753,2
753,3
753,5
754,1
754,2
754,4
754,5
755,1
755,3
755,4
756,0
756,1
756,3
756,4
757,0
757,2
757,3
757,5
758,0
758,2
758,4
758,5
759,1
759,2
759,4
760,0
760,2
760,4
760,5
760,7
760,8
760,10
761,0
761,1
761,3
761,4
761,6
761,8
761,9
761,11
762,0
762,2
762,3
763,0
763,2
763,3
763,5
763,6
764,1
764,3
764,4
765,1
765,2
766,0
766,1
766,3
766,5
766,6
767,1
767,2
767,4
768,1
768,2
768,4
768,5
768,7
769,0
769,2
769,4
770,0
770,2
770,3
771,1
771,3
771,4
771,6
771,7
771,9
772,0
772,1
772,3
772,4
772,6
773,0
773,2
773,4
774,0
774,2
774,3
774,5
774,7
774,8
774,10
775,0
775,2
775,3
776,0
776,2
776,3
776,5
776,6
776,8
777,0
777,1
777,3
777,4
778,1
778,2
778,4
778,6
778,7
779,1
779,2
779,4
780,1
780,2
780,4
781,0
781,2
781,3
782,0
782,2
782,3
783,1
783,2
783,4
784,1
784,2
784,4
784,5
784,7
785,0
785,1
785,3
785,4
786,1
786,2
786,4
786,6
787,0
787,2
787,3
788,0
788,2
788,3
788,5
789,0
789,2
789,3
790,0
790,2
790,3
790,5
791,0
791,2
791,4
791,5
792,0
792,1
792,3
792,4
793,0
793,2
793,3
793,5
794,0
794,2
794,4
794,5
795,0
795,1
795,3
795,5
795,6
796,1
796,2
796,4
796,5
797,1
797,3
797,4
798,0
798,1
798,3
799,0
799,1
799,3
799,4
800,1
800,2
801,0
801,2
801,3
802,1
802,2
802,4
802,6
802,7
802,9
802,10
803,0
803,1
803,3
804,0
804,1
804,3
804,4
805,1
805,3
805,4
805,6
805,7
806,0
806,2
806,3
807,0
807,1
807,3
808,0
808,2
808,4
808,5
809,1
809,2
809,4
810,1
810,2
810,4
811,0
811,2
811,3
811,5
811,7
811,8
811,10
811,11
812,1
812,3
813,0
813,2
813,3
814,0
814,1
814,3
815,1
815,2
816,0
816,1
816,3
817,0
817,1
817,3
817,4
818,1
818,2
818,4
818,6
818,7
818,9
818,10
818,12
818,14
819,0
819,2
819,3
820,0
820,2
820,3
820,5
820,6
820,8
820,9
820,11
821,1
821,2
821,4
821,5
821,7
822,0
822,1
822,3
822,4
823,1
823,2
823,4
824,1
824,2
824,4
825,0
825,2
825,4
826,0
826,2
826,3
826,5
826,6
827,0
827,2
827,3
828,0
828,1
828,3
828,5
828,6
828,8
829,0
829,2
829,4
830,0
830,2
830,3
830,5
830,6
830,8
831,1
831,2
831,4
832,0
832,2
832,4
833,0
833,2
833,3
834,0
834,1
834,3
834,5
835,0
835,2
835,3
836,0
836,2
836,3
836,5
836,6
837,0
837,1
837,3
838,0
838,1
838,3
838,4
839,1
839,3
840,0
840,2
840,3
840,5
840,6
840,8
840,10
841,0
841,2
841,3
842,0
842,2
842,3
843,0
843,1
843,3
844,1
844,2
845,0
845,1
845,3
845,4
845,6
846,0
846,1
846,3
846,4
847,1
847,3
847,4
847,6
847,7
848,1
848,2
848,4
849,1
849,2
849,4
849,5
850,1
850,3
850,4
851,1
851,2
851,4
852,0
852,2
852,4
852,5
853,0
853,1
853,3
854,0
854,1
854,3
854,4
854,6
855,1
855,2
855,4
855,5
856,0
856,1
856,3
857,0
857,1
857,3
858,0
858,2
858,4
858,5
859,0
859,1
859,3
859,4
860,1
860,3
860,4
860,6
860,7
861,1
861,3
861,4
861,6
861,7
862,1
862,2
862,4
863,1
863,2
863,4
864,0
864,2
865,0
865,1
865,3
865,4
866,1
866,2
867,0
867,2
867,3
868,0
868,1
868,3
869,0
869,1
869,3
869,4
869,6
870,1
870,2
870,4
871,0
871,2
871,3
871,5
872,0
872,1
872,3
872,4
872,6
872,8
872,9
872,11
872,12
873,0
873,1
873,3
874,0
874,1
874,3
874,4
874,6
875,1
875,2
875,4
876,0
876,2
876,3
877,1
877,3
878,0
878,2
878,3
879,1
879,3
880,0
880,2
880,3
881,1
881,3
882,0
882,2
882,3
883,1
883,2
883,4
884,1
884,2
885,0
885,1
885,3
885,5
886,0
886,2
886,3
887,1
887,2
887,4
888,1
888,2
889,0
889,1
889,3
889,5
889,6
890,1
890,2
890,4
891,0
891,2
892,0
892,1
892,3
892,4
892,6
893,1
893,2
893,4
894,0
894,2
895,0
895,1
895,3
895,4
895,6
896,0
896,2
896,4
896,5
896,7
897,0
897,2
897,4
898,0
898,2
898,3
899,1
899,2
900,0
900,2
900,3
901,1
901,2
901,4
901,6
901,7
902,0
902,1
902,3
903,0
903,2
904,0
904,1
904,3
905,0
905,2
905,4
906,0
906,2
906,3
907,0
907,1
907,3
907,5
907,6
908,1
908,2
908,4
909,1
909,2
910,0
910,1
910,3
911,1
911,2
912,0
912,1
912,3
913,0
913,2
913,4
913,5
913,7
913,8
913,10
913,12
913,13
913,15
913,16
914,0
914,1
914,3
914,5
915,0
915,2
915,3
916,0
916,2
916,3
916,5
917,0
917,2
917,3
918,1
918,3
918,4
919,1
919,2
919,4
920,1
920,2
920,4
920,5
921,0
921,2
921,3
921,5
921,6
922,1
922,2
923,0
923,2
923,3
924,0
924,1
924,3
924,5
924,6
924,8
924,9
925,0
925,1
925,3
926,0
926,1
926,3
926,4
927,0
927,2
927,3
928,0
928,1
928,3
928,4
929,1
929,3
929,4
930,1
930,2
930,4
931,0
931,1
931,3
931,4
932,0
932,1
932,3
932,5
933,0
933,2
933,3
934,0
934,2
934,3
934,5
934,6
935,1
935,3
936,0
936,2
936,3
937,1
937,2
937,4
937,6
937,7
938,0
938,1
938,3
939,0
939,1
939,3
939,4
939,6
939,7
940,1
940,3
940,4
941,1
941,2
941,4
941,6
941,7
941,9
941,10
941,12
941,13
942,1
942,3
942,4
943,1
943,2
944,0
944,2
944,3
944,5
944,6
945,1
945,3
945,4
946,1
946,2
946,4
946,5
946,7
947,0
947,1
947,3
947,4
948,1
948,3
948,4
948,6
948,7
949,1
949,2
949,4
950,1
950,2
950,4
950,5
950,7
951,0
951,1
951,3
951,4
952,1
952,2
952,4
952,6
952,7
952,9
952,10
952,12
953,1
953,2
953,4
954,0
954,2
954,3
954,5
954,7
955,0
955,2
955,3
956,0
956,2
956,3
956,5
957,0
957,2
958,0
958,1
958,3
958,4
959,1
959,2
960,0
960,2
960,3
960,5
960,6
960,8
960,10
960,11
960,13
960,14
960,16
960,17
961,1
961,3
961,4
961,6
961,7
961,9
962,0
962,1
962,3
962,4
962,6
963,0
963,2
963,4
963,5
963,7
964,0
964,2
964,4
965,0
965,2
965,3
965,5
966,1
966,2
967,0
967,1
967,3
968,0
968,2
968,4
968,5
968,7
968,8
968,10
969,0
969,1
969,3
970,0
970,2
970,3
970,5
971,1
971,2
971,4
971,5
972,0
972,2
972,3
973,0
973,1
973,3
973,4
974,0
974,2
974,3
975,0
975,1
975,3
975,5
975,6
975,8
975,9
976,1
976,3
976,4
977,1
977,2
977,4
978,0
978,2
978,4
979,0
979,2
979,3
980,0
980,2
980,3
980,5
980,6
980,8
980,9
981,1
981,3
981,4
982,1
982,2
982,4
982,6
983,0
983,2
983,3
984,0
984,1
984,3
985,0
985,1
985,3
985,4
985,6
985,8
985,9
985,11
985,12
986,1
986,2
986,4
987,1
987,2
988,0
988,1
988,3
988,5
988,6
988,8
989,0
989,2
990,0
990,1
990,3
991,0
991,2
991,3
991,5
992,1
992,2
992,4
993,0
993,2
994,0
994,1
994,3
995,0
995,2
995,3
995,5
996,1
996,2
996,4
997,0
997,2
997,4
998,0
998,2
998,3
998,5
999,0
999,2
999,4
999,5
1000,0
1000,1
1000,3
1000,5
1000,6
1001,0
1001,1
1001,3
1002,0
1002,1
1002,3
1002,4
1003,1
1003,2
1003,4
1004,1
1004,2
1004,4
1004,5
1004,7
1005,1
1005,2
1006,0
1006,1
1006,3
1007,0
1007,2
1007,3
1007,1
1006,2
1005,3
1005,0
1004,6
1004,3
1004,0
1003,3
1003,0
1002,2
1001,4
1001,2
1000,7
1000,4
1000,2
999,6
999,3
999,1
998,4
998,1
997,3
997,1
996,3
996,0
995,4
995,1
994,2
993,3
993,1
992,3
992,0
991,4
991,1
990,2
989,3
989,1
988,7
988,4
988,2
987,3
987,0
986,3
986,0
985,10
985,7
985,5
985,2
984,4
984,2
983,4
983,1
982,5
982,3
982,0
981,2
981,0
980,7
980,4
980,1
979,4
979,1
978,3
978,1
977,3
977,0
976,2
976,0
975,7
975,4
975,2
974,4
974,1
973,5
973,2
972,4
972,1
971,6
971,3
971,0
970,4
970,1
969,2
968,11
968,9
968,6
968,3
968,1
967,2
966,3
966,0
965,4
965,1
964,3
964,1
963,6
963,3
963,1
962,5
962,2
961,10
961,8
961,5
961,2
961,0
960,15
960,12
960,9
960,7
960,4
960,1
959,3
959,0
958,2
957,3
957,1
956,4
956,1
955,4
955,1
954,6
954,4
954,1
953,3
953,0
952,11
952,8
952,5
952,3
952,0
951,2
950,8
950,6
950,3
950,0
949,3
949,0
948,5
948,2
948,0
947,2
946,8
946,6
946,3
946,0
945,2
945,0
944,4
944,1
943,3
943,0
942,2
942,0
941,11
941,8
941,5
941,3
941,0
940,2
940,0
939,5
939,2
938,4
938,2
937,8
937,5
937,3
937,0
936,1
935,2
935,0
934,4
934,1
933,4
933,1
932,4
932,2
931,5
931,2
930,5
930,3
930,0
929,2
929,0
928,2
927,4
927,1
926,5
926,2
925,4
925,2
924,10
924,7
924,4
924,2
923,4
923,1
922,3
922,0
921,4
921,1
920,6
920,3
920,0
919,3
919,0
918,2
918,0
917,1
916,4
916,1
915,4
915,1
914,4
914,2
913,17
913,14
913,11
913,9
913,6
913,3
913,1
912,2
911,3
911,0
910,2
909,3
909,0
908,3
908,0
907,4
907,2
906,4
906,1
905,3
905,1
904,2
903,3
903,1
902,2
901,8
901,5
901,3
901,0
900,1
899,3
899,0
898,1
897,3
897,1
896,6
896,3
896,1
895,5
895,2
894,3
894,1
893,3
893,0
892,5
892,2
891,3
891,1
890,3
890,0
889,4
889,2
888,3
888,0
887,3
887,0
886,1
885,4
885,2
884,3
884,0
883,3
883,0
882,1
881,2
881,0
880,1
879,2
879,0
878,1
877,2
877,0
876,1
875,3
875,0
874,5
874,2
873,4
873,2
872,13
872,10
872,7
872,5
872,2
871,6
871,4
871,1
870,3
870,0
869,5
869,2
868,4
868,2
867,4
867,1
866,3
866,0
865,2
864,3
864,1
863,3
863,0
862,3
862,0
861,5
861,2
861,0
860,5
860,2
860,0
859,2
858,6
858,3
858,1
857,2
856,4
856,2
855,6
855,3
855,0
854,5
854,2
853,4
853,2
852,6
852,3
852,1
851,3
851,0
850,2
850,0
849,3
849,0
848,3
848,0
847,5
847,2
847,0
846,2
845,7
845,5
845,2
844,3
844,0
843,2
842,4
842,1
841,4
841,1
840,9
840,7
840,4
840,1
839,2
839,0
838,2
837,4
837,2
836,7
836,4
836,1
835,4
835,1
834,4
834,2
833,4
833,1
832,3
832,1
831,3
831,0
830,7
830,4
830,1
829,3
829,1
828,7
828,4
828,2
827,4
827,1
826,7
826,4
826,1
825,3
825,1
824,3
824,0
823,3
823,0
822,2
821,8
821,6
821,3
821,0
820,10
820,7
820,4
820,1
819,4
819,1
818,13
818,11
818,8
818,5
818,3
818,0
817,2
816,4
816,2
815,3
815,0
814,2
813,4
813,1
812,2
812,0
811,9
811,6
811,4
811,1
810,3
810,0
809,3
809,0
808,3
808,1
807,2
806,4
806,1
805,8
805,5
805,2
805,0
804,2
803,4
803,2
802,11
802,8
802,5
802,3
802,0
801,1
800,3
800,0
799,2
798,4
798,2
797,5
797,2
797,0
796,3
796,0
795,4
795,2
794,6
794,3
794,1
793,4
793,1
792,5
792,2
791,6
791,3
791,1
790,4
790,1
789,4
789,1
788,4
788,1
787,4
787,1
786,5
786,3
786,0
785,2
784,8
784,6
784,3
784,0
783,3
783,0
782,1
781,4
781,1
780,3
780,0
779,3
779,0
778,5
778,3
778,0
777,2
776,9
776,7
776,4
776,1
775,4
775,1
774,9
774,6
774,4
774,1
773,3
773,1
772,5
772,2
771,10
771,8
771,5
771,2
771,0
770,1
769,3
769,1
768,6
768,3
768,0
767,3
767,0
766,4
766,2
765,3
765,0
764,2
764,0
763,4
763,1
762,4
762,1
761,10
761,7
761,5
761,2
760,11
760,9
760,6
760,3
760,1
759,3
759,0
758,3
758,1
757,4
757,1
756,5
756,2
755,5
755,2
755,0
754,3
754,0
753,4
753,1
752,4
752,1
751,5
751,2
750,4
750,2
749,5
749,2
748,5
748,3
748,0
747,3
747,1
746,4
746,1
745,5
745,2
744,4
744,1
743,7
743,4
743,1
742,4
742,1
741,3
741,0
740,3
740,0
739,2
739,0
738,2
737,5
737,2
737,0
736,4
736,1
735,4
735,1
734,3
734,1
733,3
733,0
732,2
732,0
731,2
730,4
730,2
729,4
729,1
728,3
728,1
727,2
726,4
726,2
725,3
725,0
724,5
724,3
724,0
723,1
722,3
722,0
721,0
0,203
0,199
0,252
0,233
0,230
0,227
0,196
0,197
0,59
0,477
0,476
0,475
0,474
0,473
0,472
0,471
0,470
0,469
0,468
0,467
0,466
0,465
0,464
0,463
0,462
0,461
0,460
0,459
0,458
0,457
0,456
0,455
0,454
0,453
0,452
0,451
0,450
0,449
0,448
0,447
0,446
0,445
0,444
0,443
0,442
0,441
0,440
0,439
0,438
0,437
0,436
0,435
0,434
0,433
0,432
0,431
0,430
0,429
0,428
0,427
0,426
0,425
0,424
0,423
0,422
0,421
0,420
0,419
0,418
0,417
0,416
0,415
0,414
0,413
0,412
