431,0
430,10
430,9
430,8
430,7
430,6
430,5
430,4
430,3
430,2
430,1
430,0
429,4
429,3
429,2
429,1
429,0
428,7
428,6
428,5
428,4
428,3
428,2
428,1
428,0
427,7
427,6
427,5
427,4
427,3
427,2
427,1
427,0
426,9
426,8
426,7
426,6
426,5
426,4
426,3
426,2
426,1
426,0
425,7
425,6
425,5
425,4
425,3
425,2
425,1
425,0
424,7
424,6
424,5
424,4
424,3
424,2
424,1
424,0
423,7
423,6
423,5
423,4
423,3
423,2
423,1
423,0
422,3
422,2
422,1
422,0
421,4
421,3
421,2
421,1
421,0
420,4
420,3
420,2
420,1
420,0
419,4
419,3
419,2
419,1
419,0
418,7
418,6
418,5
418,4
418,3
418,2
418,1
418,0
417,5
417,4
417,3
417,2
417,1
417,0
416,7
416,6
416,5
416,4
416,3
416,2
416,1
416,0
415,4
415,3
415,2
415,1
415,0
414,15
414,14
414,13
414,12
414,11
414,10
414,9
414,8
414,7
414,6
414,5
414,4
414,3
414,2
414,1
414,0
413,4
413,3
413,2
413,1
413,0
412,4
412,3
412,2
412,1
412,0
411,3
411,2
411,1
411,0
410,3
410,2
410,1
410,0
409,7
409,6
409,5
409,4
409,3
409,2
409,1
409,0
408,9
408,8
408,7
408,6
408,5
408,4
408,3
408,2
408,1
408,0
407,6
407,5
407,4
407,3
407,2
407,1
407,0
7,3
5,23
5,22
5,21
5,20
5,14
5,12
5,11
5,10
5,9
5,8
5,7
5,6
5,5
5,4
5,3
5,2
5,0
4,6
4,5
4,4
4,3
4,2
4,0
3,2
2,2
1,2
0,237
0,236
0,235
0,234
0,233
0,232
0,231
0,230
0,229
0,228
0,227
0,226
0,225
0,224
0,223
0,221
0,220
0,219
0,218
0,217
0,216
0,214
0,213
0,212
0,205
0,9
0,2
431,1
431,2
431,4
432,0
432,2
432,3
432,5
432,7
432,8
433,1
433,2
433,4
434,0
434,1
434,3
434,4
435,1
435,2
436,0
436,2
436,3
437,1
437,2
437,4
438,1
438,2
438,4
438,5
439,1
439,2
439,4
439,6
439,7
439,9
440,0
440,2
440,4
441,0
441,2
441,3
441,5
441,6
442,1
442,3
443,0
443,2
443,3
444,1
444,3
445,0
445,2
445,3
446,1
446,3
447,0
447,2
447,3
448,1
448,2
449,0
449,2
449,3
450,1
450,2
451,0
451,2
451,3
452,1
452,2
453,0
453,1
453,3
454,1
454,2
455,0
455,1
455,3
456,1
456,2
457,0
457,1
457,3
458,0
458,2
459,0
459,1
459,3
460,0
460,2
461,0
461,1
461,3
462,0
462,2
463,0
463,1
463,3
464,0
464,2
464,3
465,1
465,3
466,0
466,2
466,3
467,1
467,3
468,0
468,2
468,3
469,1
469,2
470,0
470,2
470,3
471,1
471,2
472,0
472,2
472,3
473,1
473,2
474,0
474,1
474,3
475,1
475,2
476,0
476,1
476,3
477,1
477,2
478,0
478,1
478,3
479,0
479,2
480,0
480,1
480,3
481,0
481,2
482,0
482,1
482,3
483,0
483,2
484,0
484,1
484,3
485,0
485,2
485,3
486,1
486,3
487,0
487,2
487,3
488,1
488,3
489,0
489,2
489,3
490,1
490,2
491,0
491,2
491,3
492,1
492,2
493,0
493,2
493,3
494,1
494,2
495,0
495,1
495,3
496,1
496,2
497,0
497,1
497,3
498,1
498,2
499,0
499,1
499,3
500,1
500,2
501,0
501,1
501,3
502,0
502,2
503,0
503,1
503,3
504,0
504,2
505,0
505,1
505,3
506,0
506,2
506,3
507,1
507,3
508,0
508,2
508,3
509,1
509,3
510,0
510,2
510,3
511,1
511,2
512,0
512,2
512,3
513,1
513,2
514,0
514,2
514,3
515,1
515,2
516,0
516,1
516,3
517,1
517,2
518,0
518,1
518,3
519,1
519,2
520,0
520,1
520,3
521,1
521,2
522,0
522,1
522,3
523,0
523,2
524,0
524,1
524,3
525,0
525,2
526,0
526,1
526,3
527,0
527,2
527,3
528,1
528,3
529,0
529,2
529,3
530,1
530,3
531,0
531,2
531,3
532,1
532,2
533,0
533,2
533,3
534,1
534,2
535,0
535,2
535,3
536,1
536,2
537,0
537,2
537,3
538,1
538,2
539,0
539,1
539,3
540,1
540,2
541,0
541,1
541,3
542,1
542,2
543,0
543,1
543,3
544,0
544,2
545,0
545,1
545,3
546,0
546,2
547,0
547,1
547,3
548,0
548,2
548,3
549,1
549,3
550,0
550,2
550,3
551,1
551,3
552,0
552,2
552,3
553,1
553,3
554,0
554,2
554,3
555,1
555,2
556,0
556,2
556,3
557,1
557,2
558,0
558,2
558,3
559,1
559,2
560,0
560,1
560,3
561,1
561,2
562,0
562,1
562,3
563,1
563,2
564,0
564,1
564,3
565,0
565,2
566,0
566,1
566,3
567,0
567,2
568,0
568,1
568,3
569,0
569,2
569,3
570,1
570,3
571,0
571,2
571,3
572,1
572,3
573,0
573,2
573,3
574,1
574,3
575,0
575,2
575,3
576,1
576,2
577,0
577,2
577,3
578,1
578,2
579,0
579,2
579,3
580,1
580,2
581,0
581,1
581,3
582,1
582,2
583,0
583,1
583,3
584,1
584,2
585,0
585,1
585,3
586,0
586,2
587,0
587,1
587,3
588,0
588,2
589,0
589,1
589,3
590,0
590,2
591,0
591,1
591,3
592,0
592,2
592,3
593,1
593,3
594,0
594,2
594,3
595,1
595,3
596,0
596,2
596,3
597,1
597,2
598,0
598,2
598,3
599,1
599,2
600,0
600,2
600,3
601,1
601,2
602,0
602,1
602,3
603,1
603,2
604,0
604,1
604,3
605,1
605,2
606,0
606,1
606,3
607,0
607,2
608,0
608,1
608,3
609,0
609,2
610,0
610,1
610,3
611,0
611,2
612,0
612,1
612,3
613,0
613,2
613,3
614,1
614,3
615,0
615,2
615,3
616,1
616,3
617,0
617,2
617,3
618,1
618,2
619,0
619,2
619,3
620,1
620,2
621,0
621,2
621,3
622,1
622,2
623,0
623,1
623,3
624,1
624,2
625,0
625,1
625,3
626,1
626,2
627,0
627,1
627,3
628,1
628,2
629,0
629,1
629,3
630,0
630,2
631,0
631,1
631,3
632,0
632,2
633,0
633,1
633,3
634,0
634,2
634,3
635,1
635,3
636,0
636,2
636,3
637,1
637,3
638,0
638,2
638,3
639,1
639,2
640,0
640,2
640,3
641,1
641,2
642,0
642,2
642,3
643,1
643,2
644,0
644,1
644,3
645,1
645,2
646,0
646,1
646,3
647,1
647,2
648,0
648,1
648,3
649,1
649,2
650,0
650,1
650,3
651,0
651,2
652,0
652,1
652,3
653,0
653,2
654,0
654,1
654,3
655,0
655,2
655,3
656,1
656,3
657,0
657,2
657,3
658,1
658,3
659,0
659,2
659,3
660,1
660,2
661,0
661,2
661,3
662,1
662,2
663,0
663,2
663,3
664,1
664,2
665,0
665,2
665,3
666,1
666,2
667,0
667,1
667,3
668,1
668,2
669,0
669,1
669,3
670,1
670,2
671,0
671,1
671,3
672,0
672,2
673,0
673,1
673,3
674,0
674,2
675,0
675,1
675,3
676,0
676,2
676,3
677,1
677,3
678,0
678,2
678,3
679,1
679,3
680,0
680,2
680,3
681,1
681,3
682,0
682,2
682,3
683,1
683,2
684,0
684,2
684,3
685,1
685,2
686,0
686,2
686,3
687,1
687,2
688,0
688,1
688,3
689,1
689,2
690,0
690,1
690,3
691,1
691,2
692,0
692,1
692,3
693,0
693,2
694,0
694,1
694,3
695,0
695,2
696,0
696,1
696,3
697,0
697,2
697,3
698,1
698,3
699,0
699,2
699,3
700,1
700,3
701,0
701,2
701,3
702,1
702,3
703,0
703,2
703,3
704,1
704,2
705,0
705,2
705,3
706,1
706,2
707,0
707,2
707,3
708,1
708,2
709,0
709,1
709,3
710,1
710,2
711,0
711,1
711,3
712,1
712,2
713,0
713,1
713,3
714,0
714,2
715,0
715,1
715,3
716,0
716,2
717,0
717,1
717,3
718,0
718,2
719,0
719,1
719,3
720,0
720,2
720,3
721,1
721,3
722,0
722,2
722,3
723,1
723,3
724,0
724,2
724,3
725,1
725,2
726,0
726,2
726,3
727,1
727,2
728,0
728,2
728,3
729,1
729,2
730,0
730,1
730,3
731,1
731,2
732,0
732,1
732,3
733,1
733,2
734,0
734,1
734,3
735,0
735,2
736,0
736,1
736,3
737,0
737,2
738,0
738,1
738,3
739,0
739,2
740,0
740,1
740,3
741,0
741,2
741,3
742,1
742,3
743,0
743,2
743,3
744,1
744,3
745,0
745,2
745,3
746,1
746,2
747,0
747,2
747,3
748,1
748,2
749,0
749,2
749,3
750,1
750,2
751,0
751,1
751,3
752,1
752,2
753,0
753,1
753,3
754,1
754,2
755,0
755,1
755,3
756,1
756,2
757,0
757,1
757,3
758,0
758,2
759,0
759,1
759,3
760,0
760,2
761,0
761,1
761,3
762,0
762,2
762,3
763,1
763,3
764,0
764,2
764,3
765,1
765,3
766,0
766,2
766,3
767,1
767,2
768,0
768,2
768,3
769,1
769,2
770,0
770,2
770,3
771,1
771,2
772,0
772,1
772,3
773,1
773,2
774,0
774,1
774,3
775,1
775,2
776,0
776,1
776,3
777,1
777,2
778,0
778,1
778,3
779,0
779,2
779,3
779,1
778,2
777,3
777,0
776,2
775,3
775,0
774,2
773,3
773,0
772,2
771,3
771,0
770,1
769,3
769,0
768,1
767,3
767,0
766,1
765,2
765,0
764,1
763,2
763,0
762,1
761,2
760,3
760,1
759,2
758,3
758,1
757,2
756,3
756,0
755,2
754,3
754,0
753,2
752,3
752,0
751,2
750,3
750,0
749,1
748,3
748,0
747,1
746,3
746,0
745,1
744,2
744,0
743,1
742,2
742,0
741,1
740,2
739,3
739,1
738,2
737,3
737,1
736,2
735,3
735,1
734,2
733,3
733,0
732,2
731,3
731,0
730,2
729,3
729,0
728,1
727,3
727,0
726,1
725,3
725,0
724,1
723,2
723,0
722,1
721,2
721,0
720,1
719,2
718,3
718,1
717,2
716,3
716,1
715,2
714,3
714,1
713,2
712,3
712,0
711,2
710,3
710,0
709,2
708,3
708,0
707,1
706,3
706,0
705,1
704,3
704,0
703,1
702,2
702,0
701,1
700,2
700,0
699,1
698,2
698,0
697,1
696,2
695,3
695,1
694,2
693,3
693,1
692,2
691,3
691,0
690,2
689,3
689,0
688,2
687,3
687,0
686,1
685,3
685,0
684,1
683,3
683,0
682,1
681,2
681,0
680,1
679,2
679,0
678,1
677,2
677,0
676,1
675,2
674,3
674,1
673,2
672,3
672,1
671,2
670,3
670,0
669,2
668,3
668,0
667,2
666,3
666,0
665,1
664,3
664,0
663,1
662,3
662,0
661,1
660,3
660,0
659,1
658,2
658,0
657,1
656,2
656,0
655,1
654,2
653,3
653,1
652,2
651,3
651,1
650,2
649,3
649,0
648,2
647,3
647,0
646,2
645,3
645,0
644,2
643,3
643,0
642,1
641,3
641,0
640,1
639,3
639,0
638,1
637,2
637,0
636,1
635,2
635,0
634,1
633,2
632,3
632,1
631,2
630,3
630,1
629,2
628,3
628,0
627,2
626,3
626,0
625,2
624,3
624,0
623,2
622,3
622,0
621,1
620,3
620,0
619,1
618,3
618,0
617,1
616,2
616,0
615,1
614,2
614,0
613,1
612,2
611,3
611,1
610,2
609,3
609,1
608,2
607,3
607,1
606,2
605,3
605,0
604,2
603,3
603,0
602,2
601,3
601,0
600,1
599,3
599,0
598,1
597,3
597,0
596,1
595,2
595,0
594,1
593,2
593,0
592,1
591,2
590,3
590,1
589,2
588,3
588,1
587,2
586,3
586,1
585,2
584,3
584,0
583,2
582,3
582,0
581,2
580,3
580,0
579,1
578,3
578,0
577,1
576,3
576,0
575,1
574,2
574,0
573,1
572,2
572,0
571,1
570,2
570,0
569,1
568,2
567,3
567,1
566,2
565,3
565,1
564,2
563,3
563,0
562,2
561,3
561,0
560,2
559,3
559,0
558,1
557,3
557,0
556,1
555,3
555,0
554,1
553,2
553,0
552,1
551,2
551,0
550,1
549,2
549,0
548,1
547,2
546,3
546,1
545,2
544,3
544,1
543,2
542,3
542,0
541,2
540,3
540,0
539,2
538,3
538,0
537,1
536,3
536,0
535,1
534,3
534,0
533,1
532,3
532,0
531,1
530,2
530,0
529,1
528,2
528,0
527,1
526,2
525,3
525,1
524,2
523,3
523,1
522,2
521,3
521,0
520,2
519,3
519,0
518,2
517,3
517,0
516,2
515,3
515,0
514,1
513,3
513,0
512,1
511,3
511,0
510,1
509,2
509,0
508,1
507,2
507,0
506,1
505,2
504,3
504,1
503,2
502,3
502,1
501,2
500,3
500,0
499,2
498,3
498,0
497,2
496,3
496,0
495,2
494,3
494,0
493,1
492,3
492,0
491,1
490,3
490,0
489,1
488,2
488,0
487,1
486,2
486,0
485,1
484,2
483,3
483,1
482,2
481,3
481,1
480,2
479,3
479,1
478,2
477,3
477,0
476,2
475,3
475,0
474,2
473,3
473,0
472,1
471,3
471,0
470,1
469,3
469,0
468,1
467,2
467,0
466,1
465,2
465,0
464,1
463,2
462,3
462,1
461,2
460,3
460,1
459,2
458,3
458,1
457,2
456,3
456,0
455,2
454,3
454,0
453,2
452,3
452,0
451,1
450,3
450,0
449,1
448,3
448,0
447,1
446,2
446,0
445,1
444,2
444,0
443,1
442,2
442,0
441,4
441,1
440,3
440,1
439,8
439,5
439,3
439,0
438,3
438,0
437,3
437,0
436,1
435,3
435,0
434,2
433,5
433,3
433,0
432,6
432,4
432,1
431,3
0,238
0,222
0,215
0,196
0,197
0,59
1,45
3,44
2,44
1,44
3,43
2,43
1,43
3,42
2,42
1,42
3,41
2,41
1,41
3,40
2,40
1,40
3,39
2,39
1,39
3,38
2,38
1,38
3,37
2,37
1,37
3,36
2,36
1,36
3,35
2,35
1,35
3,34
2,34
1,34
3,33
2,33
1,33
3,32
2,32
1,32
3,31
2,31
1,31
3,30
2,30
1,30
3,29
2,29
1,29
3,28
2,28
1,28
3,27
2,27
1,27
3,26
2,26
1,26
3,25
2,25
1,25
3,24
2,24
1,24
3,23
2,23
1,23
3,22
2,22
1,22
3,21
2,21
1,21
3,20
2,20
1,20
3,19
2,19
1,19
3,18
2,18
1,18
3,17
2,17
1,17
3,16
2,16
1,16
3,15
2,15
1,15
3,14
2,14
1,14
3,13
2,13
1,13
3,12
2,12
1,12
3,11
2,11
1,11
3,10
2,10
1,10
3,9
2,9
1,9
3,8
2,8
1,8
3,7
2,7
1,7
3,6
2,6
1,6
3,5
2,5
1,5
3,4
2,4
1,4
3,3
3,0
2,3
2,0
1,3
1,0
0,6
0,0
0,47
0,46
0,49
0,48
0,45
0,210
0,12
0,208
0,10
0,58
0,8
0,201
0,11
0,5
0,7
0,4
0,3
