632,3
632,2
632,1
632,0
4,7
631,3
631,2
631,1
631,0
630,3
630,2
630,1
630,0
246,6
246,5
146,10
629,3
629,2
629,1
629,0
628,3
628,2
628,1
628,0
627,3
627,2
627,1
627,0
626,3
626,2
626,1
626,0
625,3
625,2
625,1
625,0
624,3
624,2
624,1
624,0
623,3
623,2
623,1
623,0
622,3
622,2
622,1
622,0
621,3
621,2
621,1
621,0
146,9
146,8
570,5
570,4
620,3
620,2
620,1
620,0
619,3
619,2
619,1
619,0
618,3
618,2
618,1
618,0
146,7
146,6
146,5
617,3
617,2
617,1
617,0
616,3
616,2
616,1
616,0
615,3
615,2
615,1
615,0
614,3
614,2
614,1
614,0
613,3
613,2
613,1
613,0
612,3
612,2
612,1
612,0
611,3
611,2
611,1
611,0
610,3
610,2
610,1
610,0
609,3
609,2
609,1
609,0
608,3
608,2
608,1
608,0
607,3
607,2
607,1
607,0
606,3
606,2
606,1
606,0
605,3
605,2
605,1
605,0
604,3
604,2
604,1
604,0
603,3
603,2
603,1
603,0
602,3
602,2
602,1
602,0
5,90
5,89
5,88
5,87
5,86
5,85
5,84
5,83
5,82
5,81
5,80
5,79
111,6
111,5
75,6
75,5
57,7
57,6
412,17
412,16
412,15
412,14
412,13
412,12
412,11
412,10
412,9
412,8
412,7
412,6
99,7
99,6
601,7
601,6
601,5
601,4
601,3
601,2
601,1
601,0
377,5
377,4
600,4
600,3
600,2
600,1
600,0
376,4
375,4
374,4
599,7
5,78
5,77
599,6
599,5
599,4
599,3
599,2
599,1
599,0
373,5
373,4
598,6
598,5
598,4
598,3
598,2
598,1
598,0
0,237
597,5
597,4
597,3
597,2
597,1
597,0
372,4
596,5
596,4
596,3
596,2
596,1
596,0
371,4
370,4
369,4
595,5
595,4
595,3
595,2
595,1
595,0
368,4
594,3
594,2
594,1
594,0
365,4
593,5
593,4
593,3
593,2
593,1
593,0
364,4
5,76
361,8
361,7
361,6
361,5
361,4
359,4
5,75
592,12
592,11
592,10
592,9
592,8
592,7
592,6
592,5
592,4
592,3
592,2
592,1
592,0
358,11
358,10
358,9
358,8
358,7
358,6
358,5
358,4
357,4
356,4
591,6
591,5
591,4
591,3
591,2
591,1
591,0
590,6
590,5
590,4
590,3
590,2
590,1
590,0
355,5
355,4
354,4
353,9
353,8
353,7
353,6
353,5
5,74
353,4
352,4
351,4
350,4
349,4
589,9
589,8
589,7
589,6
589,5
589,4
589,3
589,2
589,1
589,0
5,73
348,7
348,6
348,5
348,4
347,4
346,5
346,4
345,4
588,6
588,5
588,4
588,3
588,2
588,1
588,0
587,6
587,5
587,4
587,3
587,2
587,1
587,0
344,6
5,72
344,5
344,4
586,5
586,4
586,3
586,2
586,1
586,0
343,4
585,11
585,10
585,9
585,8
585,7
585,6
585,5
585,4
585,3
585,2
585,1
585,0
5,71
584,11
584,10
584,9
584,8
584,7
584,6
584,5
584,4
584,3
584,2
584,1
584,0
5,70
583,10
583,9
583,8
583,7
583,6
583,5
583,4
583,3
583,2
583,1
583,0
582,9
582,8
582,7
582,6
582,5
582,4
582,3
582,2
582,1
582,0
581,9
581,8
581,7
581,6
581,5
581,4
581,3
581,2
581,1
581,0
580,9
580,8
580,7
580,6
580,5
580,4
580,3
580,2
580,1
580,0
0,236
579,9
579,8
579,7
579,6
579,5
579,4
579,3
579,2
579,1
579,0
578,9
578,8
578,7
578,6
578,5
578,4
578,3
578,2
578,1
578,0
341,9
341,8
341,7
5,69
341,6
341,5
341,4
338,5
338,4
337,4
577,7
577,6
577,5
577,4
577,3
577,2
577,1
577,0
5,68
576,6
576,5
576,4
576,3
576,2
576,1
576,0
575,5
575,4
575,3
575,2
575,1
575,0
336,4
574,6
574,5
574,4
574,3
574,2
574,1
574,0
573,5
573,4
573,3
573,2
573,1
573,0
572,5
572,4
572,3
572,2
572,1
572,0
335,4
5,67
571,10
571,9
571,8
571,7
571,6
571,5
571,4
571,3
571,2
571,1
571,0
5,66
334,10
334,9
334,8
334,7
334,6
334,5
334,4
333,17
333,16
333,15
333,14
333,13
333,12
5,65
333,11
333,10
333,9
333,8
333,7
333,6
333,5
333,4
331,4
570,3
570,2
570,1
570,0
328,4
569,7
569,6
569,5
569,4
569,3
569,2
569,1
569,0
327,6
5,64
327,5
327,4
326,4
568,12
568,11
568,10
568,9
568,8
568,7
568,6
568,5
568,4
568,3
568,2
568,1
568,0
567,10
567,9
567,8
567,7
567,6
567,5
567,4
567,3
567,2
567,1
567,0
566,9
566,8
566,7
566,6
566,5
566,4
566,3
566,2
566,1
566,0
565,8
565,7
565,6
565,5
565,4
565,3
565,2
565,1
565,0
325,7
325,6
325,5
325,4
324,4
564,8
5,38
564,7
564,6
564,5
564,4
564,3
564,2
564,1
564,0
323,5
323,4
322,4
563,7
563,6
563,5
563,4
563,3
563,2
563,1
563,0
5,36
321,5
321,4
320,4
562,8
562,7
562,6
562,5
562,4
562,3
562,2
562,1
562,0
561,8
561,7
561,6
561,5
561,4
561,3
561,2
561,1
561,0
560,8
560,7
560,6
560,5
560,4
560,3
560,2
560,1
560,0
559,8
559,7
559,6
559,5
559,4
559,3
559,2
559,1
559,0
319,8
319,7
319,6
319,5
319,4
318,4
558,6
558,5
558,4
558,3
558,2
558,1
558,0
0,235
557,6
557,5
557,4
557,3
557,2
557,1
557,0
317,5
317,4
315,4
556,13
556,12
556,11
556,10
556,9
556,8
556,7
556,6
556,5
556,4
556,3
556,2
556,1
556,0
555,13
555,12
555,11
555,10
555,9
555,8
555,7
555,6
555,5
555,4
555,3
555,2
555,1
555,0
554,13
554,12
554,11
554,10
554,9
554,8
554,7
554,6
554,5
554,4
554,3
554,2
554,1
554,0
0,234
553,13
553,12
553,11
553,10
553,9
553,8
553,7
553,6
553,5
553,4
553,3
553,2
553,1
553,0
552,13
552,12
552,11
552,10
552,9
552,8
552,7
552,6
552,5
552,4
552,3
552,2
552,1
552,0
551,13
551,12
551,11
551,10
551,9
551,8
551,7
551,6
551,5
551,4
551,3
551,2
551,1
551,0
314,13
314,12
314,11
314,10
314,9
314,8
314,7
314,6
314,5
314,4
313,4
550,7
550,6
550,5
550,4
550,3
550,2
550,1
550,0
549,7
549,6
549,5
549,4
549,3
549,2
549,1
549,0
548,7
548,6
548,5
548,4
548,3
548,2
548,1
548,0
312,7
312,6
312,5
312,4
311,4
547,8
547,7
547,6
547,5
547,4
547,3
547,2
547,1
547,0
310,8
310,7
310,6
310,5
310,4
546,6
546,5
546,4
546,3
546,2
546,1
546,0
545,5
545,4
545,3
545,2
545,1
545,0
307,5
307,4
306,4
544,5
544,4
544,3
544,2
544,1
544,0
305,5
305,4
543,5
543,4
543,3
543,2
543,1
543,0
304,5
0,232
304,4
303,5
303,4
302,4
301,4
542,4
542,3
542,2
542,1
542,0
300,4
299,5
299,4
298,4
541,10
541,9
541,8
541,7
541,6
541,5
541,4
541,3
541,2
541,1
541,0
540,10
540,9
540,8
540,7
540,6
540,5
540,4
540,3
540,2
540,1
540,0
0,231
539,7
539,6
539,5
539,4
539,3
539,2
539,1
539,0
297,4
296,4
538,6
538,5
538,4
538,3
538,2
538,1
538,0
537,6
537,5
537,4
537,3
537,2
537,1
537,0
536,6
536,5
536,4
536,3
536,2
536,1
536,0
294,6
294,5
294,4
535,6
535,5
535,4
535,3
535,2
535,1
535,0
293,5
293,4
292,4
291,4
289,5
289,4
288,4
287,5
287,4
534,17
534,16
534,15
534,14
534,13
534,12
534,11
534,10
534,9
534,8
534,7
534,6
534,5
534,4
534,3
534,2
534,1
534,0
533,16
533,15
533,14
533,13
533,12
533,11
533,10
533,9
533,8
533,7
533,6
533,5
533,4
533,3
533,2
533,1
533,0
532,16
532,15
532,14
532,13
532,12
532,11
532,10
532,9
532,8
532,7
532,6
532,5
532,4
532,3
532,2
532,1
532,0
531,16
531,15
531,14
531,13
531,12
531,11
531,10
531,9
531,8
531,7
531,6
531,5
531,4
531,3
531,2
531,1
531,0
530,15
530,14
530,13
530,12
530,11
530,10
530,9
530,8
530,7
530,6
530,5
530,4
530,3
530,2
530,1
530,0
286,14
286,13
286,12
286,11
286,10
286,9
286,8
286,7
286,6
286,5
286,4
529,4
529,3
529,2
529,1
529,0
283,4
282,6
282,5
282,4
281,4
528,4
528,3
528,2
528,1
528,0
280,4
527,8
527,7
527,6
527,5
527,4
527,3
527,2
527,1
527,0
276,8
276,7
276,6
276,5
276,4
272,4
271,7
5,33
271,6
271,5
271,4
270,6
270,5
270,4
268,4
526,6
526,5
526,4
526,3
526,2
526,1
526,0
525,5
525,4
525,3
525,2
525,1
525,0
267,4
265,4
264,6
264,5
264,4
262,4
260,5
260,4
258,4
250,4
524,7
524,6
524,5
524,3
524,2
524,1
524,0
523,5
523,4
523,3
523,2
523,1
523,0
522,4
522,3
522,2
522,1
522,0
248,4
521,13
521,12
521,11
521,10
521,9
521,8
521,7
521,6
521,5
521,4
521,3
521,2
521,1
521,0
247,6
247,5
247,4
246,4
245,4
244,6
244,5
244,4
243,4
242,4
240,4
238,4
0,229
237,4
520,7
520,6
520,5
520,4
520,3
520,2
520,1
520,0
236,5
236,4
235,7
235,6
235,5
235,4
234,4
233,6
233,5
233,4
231,4
519,6
519,5
519,4
519,3
519,2
519,1
519,0
518,6
518,5
518,4
518,3
518,2
518,1
518,0
230,5
230,4
517,6
517,5
517,4
517,3
517,2
517,1
517,0
516,5
516,4
516,3
516,2
516,1
516,0
229,4
228,4
515,6
515,5
515,4
515,3
515,2
515,1
515,0
227,4
226,4
225,4
224,5
224,4
223,4
514,7
514,6
514,5
514,4
514,3
514,2
514,1
514,0
513,7
513,6
513,5
513,4
513,3
513,2
513,1
513,0
222,4
221,4
512,7
512,6
512,5
512,4
512,3
512,2
512,1
512,0
220,5
220,4
511,3
511,2
511,1
511,0
217,4
216,4
215,10
215,9
215,8
215,7
215,6
215,5
215,4
213,4
510,4
510,3
510,2
510,1
510,0
212,4
509,7
509,6
509,5
509,4
509,3
509,2
509,1
509,0
508,7
508,6
508,5
508,4
508,3
508,2
508,1
508,0
211,7
211,6
211,5
211,4
210,4
507,5
507,4
507,3
507,2
507,1
507,0
209,5
209,4
208,4
506,4
506,3
506,2
506,1
506,0
206,4
505,8
505,7
505,6
505,5
505,4
505,3
505,2
505,1
505,0
504,7
504,6
504,5
504,4
504,3
504,2
504,1
504,0
0,226
205,7
205,6
205,5
205,4
204,4
503,8
503,7
503,6
503,5
503,4
503,3
503,2
503,1
503,0
502,8
502,7
502,6
502,5
502,4
502,3
502,2
502,1
502,0
501,8
501,7
501,6
501,5
501,4
501,3
501,2
501,1
501,0
203,8
203,7
203,6
203,5
203,4
202,4
500,7
500,6
500,5
500,4
500,3
500,2
500,1
500,0
499,7
499,6
499,5
499,4
499,3
499,2
499,1
499,0
498,7
498,6
498,5
498,4
498,3
498,2
498,1
498,0
201,7
201,6
201,5
201,4
200,4
199,4
497,4
497,3
497,2
497,1
497,0
197,4
496,8
496,7
496,6
496,5
496,4
496,3
496,2
496,1
496,0
495,7
495,6
495,5
495,4
495,3
495,2
495,1
495,0
5,30
196,7
196,6
196,5
196,4
5,29
494,11
494,10
494,9
494,8
494,7
494,6
494,5
494,4
494,3
494,2
494,1
494,0
0,225
493,11
493,10
493,9
493,8
493,7
493,6
493,5
493,4
493,3
493,2
493,1
493,0
492,11
492,10
492,9
492,8
492,7
492,6
492,5
492,4
492,3
492,2
492,1
492,0
0,224
491,11
491,10
491,9
491,8
491,7
491,6
491,5
491,4
491,3
491,2
491,1
491,0
195,11
195,10
195,9
195,8
195,7
195,6
195,5
195,4
194,4
490,14
490,13
490,12
490,11
490,10
490,9
490,8
490,7
490,6
490,5
490,4
490,3
490,2
490,1
490,0
489,14
489,13
489,12
489,11
489,10
489,9
489,8
489,7
489,6
489,5
489,4
489,3
489,2
489,1
489,0
488,14
488,13
488,12
488,11
488,10
488,9
488,8
488,7
488,6
488,5
488,4
488,3
488,2
488,1
488,0
0,223
487,14
487,13
487,12
487,11
487,10
487,9
487,8
487,7
487,6
487,5
487,4
487,3
487,2
487,1
487,0
486,14
486,13
486,12
486,11
486,10
486,9
486,8
486,7
486,6
486,5
486,4
486,3
486,2
486,1
486,0
193,14
193,13
193,12
193,11
193,10
193,9
193,8
193,7
0,222
193,6
193,5
193,4
192,4
191,4
188,4
186,11
186,10
186,9
186,8
186,7
186,6
186,5
186,4
185,4
485,4
485,3
485,2
485,1
485,0
184,4
484,5
484,4
484,3
484,2
484,1
484,0
183,5
183,4
181,4
483,8
483,7
483,6
483,5
483,4
483,3
483,2
483,1
483,0
482,8
482,7
482,6
482,5
482,4
482,3
482,2
482,1
482,0
481,8
481,7
0,221
481,6
481,5
481,4
481,3
481,2
481,1
481,0
480,8
480,7
480,6
480,5
480,4
480,3
480,2
480,1
480,0
180,8
180,7
180,6
180,5
180,4
179,4
178,4
177,11
177,10
177,9
177,8
177,7
177,6
177,5
177,4
174,4
173,4
479,5
479,4
479,3
479,2
479,1
479,0
172,4
478,5
478,4
478,3
478,2
478,1
478,0
171,4
170,6
170,5
170,4
169,6
169,5
169,4
168,5
168,4
167,5
167,4
477,6
477,5
477,4
477,3
477,2
477,1
477,0
166,4
476,5
476,4
476,3
476,2
476,1
476,0
165,5
165,4
164,4
163,5
163,4
162,4
475,6
475,5
475,4
475,3
475,2
475,1
475,0
474,6
474,5
474,4
474,3
474,2
474,1
474,0
161,6
161,5
161,4
160,4
159,8
159,7
159,6
159,5
159,4
158,4
156,4
473,4
473,3
473,2
473,1
473,0
155,4
154,4
472,7
472,6
472,5
472,4
472,3
472,2
472,1
472,0
471,7
471,6
471,5
471,4
471,3
471,2
471,1
471,0
470,7
470,6
470,5
470,4
470,3
470,2
470,1
470,0
153,7
153,6
153,5
153,4
152,4
151,9
151,8
151,7
151,6
151,5
151,4
150,4
469,10
469,9
469,8
469,7
469,6
469,5
469,4
469,3
469,2
469,1
469,0
468,9
468,8
468,7
468,6
468,5
468,4
468,3
468,2
468,1
468,0
467,9
467,8
467,7
467,6
467,5
467,4
467,3
467,2
467,1
467,0
149,9
149,8
149,7
149,6
149,5
149,4
148,4
466,6
466,5
466,4
466,3
466,2
466,1
466,0
5,27
465,6
465,5
465,4
465,3
465,2
465,1
465,0
147,6
147,5
147,4
146,4
5,26
144,4
464,7
464,6
464,5
464,4
464,3
464,2
464,1
464,0
463,6
463,5
463,4
463,3
463,2
463,1
463,0
462,6
462,5
462,4
462,3
462,2
462,1
462,0
143,5
143,4
142,4
461,6
461,5
461,4
461,3
461,2
461,1
461,0
0,219
139,4
460,6
460,5
460,4
460,3
460,2
460,1
460,0
138,5
138,4
137,4
459,11
459,10
459,9
459,8
459,7
459,6
459,5
459,4
459,3
459,2
459,1
459,0
0,218
458,11
458,10
458,9
458,8
458,7
458,6
458,5
458,4
458,3
458,2
458,1
458,0
457,11
457,10
457,9
457,8
457,7
457,6
457,5
457,4
457,3
457,2
457,1
457,0
0,217
456,11
456,10
456,9
456,8
456,7
456,6
456,5
456,4
456,3
456,2
456,1
456,0
455,11
455,10
455,9
455,8
455,7
455,6
455,5
455,4
455,3
455,2
455,1
455,0
136,11
136,10
136,9
136,8
136,7
136,6
136,5
136,4
135,11
135,10
135,9
135,8
135,7
135,6
135,5
135,4
134,4
454,5
454,4
454,3
454,2
454,1
454,0
453,5
453,4
453,3
453,2
453,1
453,0
452,5
452,4
452,3
452,2
452,1
452,0
451,5
451,4
451,3
451,2
451,1
451,0
450,5
450,4
450,3
450,2
450,1
450,0
449,5
449,4
449,3
449,2
449,1
449,0
448,5
448,4
448,3
448,2
448,1
448,0
447,5
447,4
447,3
447,2
447,1
447,0
446,5
446,4
446,3
446,2
446,1
446,0
445,5
445,4
445,3
445,2
445,1
445,0
444,5
444,4
444,3
444,2
444,1
444,0
5,25
443,5
443,4
443,3
443,2
443,1
443,0
442,5
442,4
442,3
442,2
442,1
442,0
441,5
441,4
441,3
441,2
441,1
441,0
440,5
5,24
440,4
440,3
440,2
440,1
440,0
439,5
439,4
439,3
439,2
439,1
